Filtered data:
69.73193430900574
66.96339654922485
61.31683397293091
57.555296897888184
53.35799026489258
49.043708086013794
47.57302188873291
46.19990158081055
46.895278215408325
45.08970880508423
70.87613320350647
67.34526300430298
61.71332836151123
57.706393241882324
52.84455060958862
49.44186353683472
47.43922185897827
47.46008038520813
45.962048053741455
46.3629674911499
71.19936990737915
67.69163489341736
61.374462604522705
57.642648220062256
53.039586544036865
49.62295198440552
47.81958031654358
46.664289236068726
46.37932205200195
46.382081031799316
52.247621059417725
47.72788143157959
45.71866965293884
43.15264058113098
39.09712767601013
34.51015567779541
100.525155544281
91.87643432617188
65.11559534072876
62.68367099761963
52.5243501663208
47.8656325340271
45.59852409362793
43.69326448440552
38.09847950935364
35.63620567321777
101.00693273544312
90.64025855064392
64.25883293151855
63.370327949523926
52.34947323799133
48.68654227256775
45.30852437019348
42.305097341537476
39.385578870773315
35.23191714286804
101.78329157829285
91.41869831085205
64.81337833404541
63.39619755744934
36.497809410095215
79.81478786468506
88.33831930160522
54.14581751823425
32.72256851196289
32.41860342025757
27.181225538253784
18.977917671203613
35.95585608482361
80.90003299713135
87.78326344490051
54.37572455406189
32.85979437828064
32.25118947029114
26.948904752731323
19.268484830856323
36.02023649215698
81.79725790023804
87.60606598854065
54.244713306427
32.76122331619263
31.99698781967163
26.6233549118042
19.46610450744629
24.583277940750122
24.3851535320282
12.972413301467896

Average: 52.43239535408458
Maximum: 101.78329157829285
