Filtered data:
7.552519083023071
15.268052339553833
14.827828645706177
6.988739967346191
10.419533491134644
12.938404321670532
15.987738609313965
17.427692413330078
17.493520736694336
18.388497352600098
4.2303245067596436
16.020227432250977
15.218241453170776
10.292236089706421
10.308909893035889
13.679553270339966
16.674803256988525
18.17594265937805
19.084392547607422
18.251662492752075
4.304066896438599
18.75622248649597
18.129101991653442
10.671266794204712
13.071649074554443
15.985138893127441
17.4438054561615
18.428499698638916
18.37712001800537
18.69510531425476
4.255890607833862
19.792298078536987
19.259987592697144
13.856337785720825
15.932135581970215
16.796770572662354
17.77262592315674
18.5929217338562
18.8669114112854
19.104003429412842
4.155534982681274
20.199101209640503
18.91516399383545
18.045621633529663
16.128941297531128
17.541723489761353
18.445048570632935
18.929102420806885
18.906158447265625
18.94464945793152
4.183833599090576
19.946216344833374
19.426820516586304
18.782423973083496
17.8533353805542
18.205808401107788
18.482347011566162
19.284992456436157
19.050841808319092
18.821943044662476
4.253241062164307
20.37081551551819
19.795445442199707
19.04154062271118
17.69767165184021
18.19344663619995
18.5566725730896
18.993191719055176
18.813047885894775
18.696043729782104
4.256503343582153
20.363274097442627
19.781475067138672
19.63357925415039
17.826964616775513
18.369950532913208
18.7755708694458
19.30541491508484
19.03447675704956
19.059857606887817
4.254059076309204
20.957852840423584

Average: 16.068297362909085
Maximum: 20.957852840423584
