Filtered data:
4.76130223274231
14.988637208938599
33.29027318954468
9.468436241149902
36.81526184082031
45.00866389274597
23.709206104278564
10.202661752700806
44.711976766586304
42.96819734573364
38.236871004104614
19.991349697113037
42.32478618621826
28.023473024368286
37.593936920166016
14.745239019393921
40.531639099121094
20.720871448516846
11.699879169464111
18.656725645065308
37.29915761947632
32.853959798812866
4.789320230484009
27.60832643508911
33.74460220336914
9.639575242996216
37.64106583595276
46.40073251724243
24.282222986221313
18.98806381225586
45.640209674835205
40.45107555389404
38.11965489387512
20.774689435958862
42.908467054367065
27.85047745704651
38.36299800872803
19.743152618408203
37.75652050971985
20.859714031219482
11.93660855293274
19.198843717575073
36.278611183166504
33.211262941360474
4.542735576629639
25.076398849487305
17.008044481277466
29.794797658920288
19.36919665336609
32.54750418663025
16.030025720596313
0.6368873119354248
23.427401304244995
24.63093090057373
25.207069635391235
25.032851219177246
25.247716665267944
24.85841941833496
4.320923328399658
25.00876784324646
17.249828577041626
29.493383407592773
36.526071548461914
32.204084157943726
18.95385718345642
0.642366886138916
23.898329257965088
26.88632822036743
24.8287296295166
24.82989740371704
24.922474145889282
24.414530277252197
3.6702656745910645
16.11332082748413

Average: 25.299484298035907
Maximum: 46.40073251724243
