Filtered data:
67.62074995040894
62.22763657569885
49.213247537612915
43.16246032714844
36.51468014717102
34.73806047439575
31.327633142471313
28.492568492889404
22.1938579082489
20.036798000335693
14.530344009399414
10.660585641860962
58.553678035736084
55.78823447227478
43.22007369995117
37.7352511882782
31.3417546749115
21.46383023262024
15.110082387924194
10.290347814559937
9.448610305786133
5.623117446899414
5.060666084289551
4.905144453048706
50.783204317092896
47.68732190132141
40.857351779937744
35.031516790390015
28.731159925460815
23.96470618247986
8.08432936668396
0.7268335819244385
43.29865264892578
43.24784445762634
40.64113974571228
35.66664409637451
18.82117462158203
10.269610166549683
8.899698972702026
3.996890068054199
41.59691119194031
32.211214542388916
37.65609669685364
33.85874962806702
14.642081260681152
7.261580944061279
5.388033151626587
4.346163749694824
4.0042030811309814
36.96548390388489
25.665268421173096
27.784016847610474
26.565685033798218
6.60991907119751
6.478163719177246
4.758849143981934
4.59069561958313
27.30195903778076
19.62092351913452
10.44119930267334
11.160307168960571
6.465170383453369
5.883965253829956
0.7198052406311035
0.6839869022369385
0.693718671798706
0.6526169776916504
10.831336259841919
6.3683555126190186
13.471727132797241
0.6978507041931152
5.3899970054626465
0.6789429187774658
0.6821625232696533
6.00106406211853
0.6986434459686279
11.98135781288147
0.6854062080383301

Average: 20.787962867663456
Maximum: 67.62074995040894
