Filtered data:
87.44733619689941
81.44952869415283
62.83250856399536
52.19241738319397
42.76670241355896
40.56803512573242
36.708003759384155
32.66315722465515
74.78656435012817
66.50578308105469
44.84616231918335
32.30342507362366
75.67582440376282
72.2691376209259
56.80456256866455
43.486122131347656
34.95925331115723
63.798235177993774
51.97320532798767
25.762704610824585
25.134455680847168
18.855639457702637
12.758020162582397
12.83824348449707
67.24399852752686
62.468026638031006
55.273510217666626
39.60106062889099
75.06452465057373
54.21351480484009
17.066832304000854
0.6248643398284912
56.33041834831238
49.817543745040894
47.01408576965332
42.385613203048706
55.7401168346405
25.712571382522583
17.649250507354736
5.294271469116211
49.24243235588074
36.19751167297363
42.4112343788147
43.635239362716675
46.83032035827637
21.471328258514404
12.861744403839111
5.471327304840088
4.711204528808594
41.382264852523804
51.74980330467224
40.30459928512573
55.34380078315735
20.579426050186157
13.988366603851318
12.628719091415405
6.19794774055481
68.01481676101685
36.252745389938354
23.334514617919922
32.11416506767273
14.051626443862915
13.023581266403198
1.1385786533355713
1.1517763137817383
0.6391468048095703
0.6401979923248291
26.206371307373047
13.82866382598877
16.228147268295288
1.170170545578003
12.19831895828247
0.6661083698272705
0.6713290214538574
13.037808418273926
1.1638307571411133
16.04467797279358
0.6506731510162354

Average: 33.565637829976204
Maximum: 87.44733619689941
