Filtered data:
3.4406275749206543
7.676234722137451
18.2583224773407
10.297468900680542
12.620229959487915
11.744029521942139
19.23458957672119
3.750749111175537
14.384188652038574
14.386869668960571
14.085975408554077
3.8703811168670654
13.856362342834473
11.75918436050415
9.556568622589111
4.06101655960083
12.4588463306427
7.138586044311523
2.8776681423187256
3.664293050765991
12.964228391647339
10.302862644195557
3.5222203731536865
10.362667560577393
18.662057161331177
10.098409414291382
13.168519496917725
11.658438920974731
19.098354816436768
3.691406488418579
14.21762728691101
14.220693349838257
15.952758550643921
4.033708333969116
13.939799070358276
11.652112245559692
10.25918960571289
3.887637138366699
13.46852445602417
7.044265985488892
3.366516590118408
3.8271775245666504
12.936623573303223
10.10387110710144
3.1479837894439697
11.111439943313599
9.99114179611206
9.918280601501465
14.789699792861938
10.754228591918945
4.977220058441162
0.6234526634216309
10.154576301574707
7.456327199935913
11.025753736495972
10.164154529571533
11.177217483520508
10.044022798538208
3.3639066219329834
11.453836441040039
10.16006588935852
9.86436414718628
14.746610164642334
10.718813419342041
5.267662525177002
0.6283714771270752
10.127284049987793
7.5149455070495605
11.138357162475586
10.3041512966156
11.070976257324219
9.969906330108643
2.5434093475341797
3.042445421218872

Average: 9.57854685912261
Maximum: 19.23458957672119
