Filtered data:
21.350985288619995
56.847509145736694
54.056957483291626
28.14241909980774
32.546703577041626
35.48604726791382
33.46178650856018
38.097392320632935
60.44590997695923
47.597968101501465
21.653220176696777
61.15738320350647
59.26294255256653
32.37282681465149
41.090001583099365
39.74460697174072
35.426008224487305
38.085407972335815
48.39317584037781
47.23295831680298
21.29293966293335
61.18862533569336
60.37486815452576
40.07654857635498
43.63392376899719
33.993449211120605
37.39217257499695
61.92551064491272
48.28705859184265
47.661235094070435
16.56851863861084
69.93698382377625
69.70958352088928
46.144667625427246
51.10128688812256
34.93802523612976
42.61864757537842
47.90666174888611
49.12100028991699
48.507482290267944
16.40797519683838
50.68119502067566
50.502543687820435
62.23075246810913
56.57297205924988
36.87758803367615
43.815067529678345
48.48383116722107
49.124839782714844
49.543001651763916
15.979219913482666
50.096041202545166
53.98779606819153
47.406221866607666
59.983736753463745
43.279584884643555
48.42061424255371
48.9534056186676
49.72372794151306
49.230130195617676
11.485387563705444
50.12168550491333
55.67828941345215
48.28209686279297
40.79332637786865
43.03398895263672
48.54050612449646
50.57426166534424
51.362945556640625
49.39140486717224
11.635390520095825
51.04261660575867
56.64191293716431
51.08272385597229
46.087655544281006
49.219011545181274
48.212143659591675
50.04047870635986
50.28105974197388
49.281410694122314
10.890646696090698
52.88428020477295

Average: 44.788961811763485
Maximum: 69.93698382377625
