Filtered data:
53.85566258430481
51.101879835128784
47.72733187675476
43.514018058776855
41.75355887413025
41.80278706550598
40.10045266151428
38.67167806625366
39.01983141899109
39.060322284698486
53.81451392173767
50.98419451713562
47.6649374961853
43.84928870201111
42.32742929458618
41.5757851600647
39.76423525810242
39.44024181365967
39.273149490356445
39.23026943206787
54.43484830856323
51.261807918548584
48.35687446594238
43.72081804275513
41.63262748718262
41.90552306175232
39.972453594207764
39.29465365409851
39.15316438674927
38.52273774147034
42.83193778991699
40.09648370742798
39.351521253585815
36.532901763916016
34.9449143409729
32.25038123130798
29.36928415298462
23.59091353416443
18.011510133743286
16.7333927154541
42.290517807006836
40.85947299003601
39.6397020816803
36.26940107345581
35.08669066429138
32.345017194747925
29.363251209259033
23.682116270065308
17.976041555404663
16.921387672424316
42.47215700149536
40.51615333557129
39.34948539733887
36.44670271873474
34.73501014709473
31.977158069610596
29.388742208480835
23.813709259033203
17.834465742111206
16.677361488342285
32.67841863632202
29.206817388534546
26.50119638442993
16.351109743118286
10.584713459014893
9.886754512786865
6.0409934520721436
5.1939616203308105
32.89706802368164
29.594690561294556
26.769129753112793
16.936179161071777
10.340951681137085
9.937186241149902
6.1005659103393555
5.092749834060669
32.82501292228699
29.107228994369507
26.451324939727783
16.722851514816284
10.487822771072388
9.85517144203186
6.173398494720459
5.2358386516571045
20.82348608970642
9.73712420463562
5.463393688201904

Average: 31.047586219064122
Maximum: 54.43484830856323
