Filtered data:
1040.0022473335266
1478.164482831955
245.00961923599243
1206.680608034134
1346.0840301513672
1236.180415391922
1265.2259783744812
1123.965725183487
1082.7141888141632
697.0817897319794
1180.8007078170776
1099.9990866184235
1202.9916186332703
641.9351432323456
1287.7856607437134
1263.0821449756622
1198.4741082191467
941.1204009056091
145.46524357795715
1405.8751194477081
366.17802143096924
143.98642897605896
1321.446995973587
1481.9198138713837
1197.3313887119293
565.5149805545807
1032.410420179367
1379.187552690506
1405.5485305786133
1281.1240270137787
1530.1457381248474
1334.3121700286865
993.7603209018707
1411.1207389831543
123.08229923248291
1383.1674799919128
1077.8200328350067
799.265896320343
213.58595895767212
822.2642831802368
1418.6414127349854
1452.8378193378448
678.3672776222229
1462.9946384429932
1141.919564962387
1484.5617508888245
1010.264990568161
255.56937384605408
1254.9711446762085
1120.8470525741577
969.5617532730103
1033.937012910843
1314.890702009201
78.50611162185669
431.0506856441498
1243.3520653247833
1177.474037885666
1101.810250043869
1029.2322533130646
701.1652672290802
869.4164428710938
1172.0578792095184
1109.632773399353
1359.855007648468
9.853525638580322
1586.773315191269
1163.0023086071014
372.13959550857544
1510.3856234550476
1288.9508562088013
917.1522092819214
1296.1743969917297

Average: 1027.3494513432186
Maximum: 1586.773315191269
