Filtered data:
5044.7714812755585
1763.091727733612
1507.4698841571808
1741.1862118244171
2102.6240491867065
1672.9916019439697
1519.6563630104065
1338.1687400341034
1382.5389080047607
1489.3549835681915
1629.2855632305145
1327.5156350135803
1257.9115641117096
1596.8852541446686
1500.2486488819122
1703.917585849762
2191.0732493400574
1605.0247662067413
1672.5789108276367
1703.6966712474823
1566.4240899085999
1511.5601861476898
1654.5687189102173
1619.8831725120544
1717.6683733463287
1743.706913948059
1620.4314057826996
1581.8619225025177
1559.6848123073578
2694.7156331539154
1629.1340160369873
1344.804274559021
1627.5485050678253
1553.75981259346
1741.076298713684
1625.7163107395172
7613.278274059296
1707.8540728092194
1480.9680969715118
1682.7497239112854
1525.9120166301727
1578.6483590602875
2775.8322570323944
1688.6061947345734
1403.6957240104675
1438.1945371627808
1662.7531592845917
6802.205595254898
1498.8739213943481
8.596597671508789
1338.221468925476
1765.1968204975128
1718.1926028728485
1494.252994775772
1424.5373811721802
1740.9155313968658
2157.940435886383

Average: 1878.0695089708295
Maximum: 7613.278274059296
