Filtered data:
1029.7334160804749
1516.8938286304474
2226.2347886562347
1205.62571310997
1385.8457536697388
1274.054848432541
1275.9652256965637
1135.2407112121582
1078.4534995555878
696.4345936775208
1164.3286101818085
1101.2602293491364
1219.7343757152557
2808.166820049286
1274.0908811092377
1251.7355675697327
1201.715414762497
932.123673915863
840.6958591938019
1399.5356714725494
3133.269644498825
1236.9418966770172
1303.471322774887
1467.626914024353
1180.1386423110962
4920.306821346283
994.6576461791992
1361.1380031108856
1371.819263935089
1221.4067525863647
1515.4197354316711
1296.8767719268799
960.5850162506104
1361.8864996433258
1003.6683852672577
1359.917668581009
1050.1839606761932
757.2016751766205
1865.7523427009583
799.5977149009705
1409.3504354953766
1424.9038774967194
636.928472995758
1476.8884344100952
1110.4425702095032
1501.2458879947662
991.544725894928
1897.5907573699951
1219.8222036361694
1080.2542991638184
935.9945693016052
1002.0463020801544
1272.3773636817932
195.78604888916016
3622.9447565078735
1221.2587287425995
1136.1790339946747
1079.5993456840515
990.6023216247559
672.4592108726501
832.9303662776947
1141.3423388004303
1167.1806812286377
1346.7590961456299
10.332807064056396
1533.380338191986
1128.6280765533447
3254.4838814735413
1486.30517244339
1224.7317526340485
867.9064257144928
1257.4860589504242

Average: 1337.6308680772781
Maximum: 4920.306821346283
