Filtered data:
2245.804277420044
1029.6279804706573
765.4274990558624
973.1293127536774
741.392175912857
927.0568149089813
770.2105119228363
592.3038516044617
628.5338616371155
730.1540651321411
876.2130498886108
582.7508547306061
502.7669448852539
861.8614020347595
742.7857267856598
961.6514196395874
826.3338189125061
860.1408216953278
918.7925004959106
974.0269408226013
820.2893831729889
770.5782055854797
908.8026924133301
885.8235058784485
977.1941602230072
1011.6856412887573
884.5195887088776
842.6912245750427
813.8981702327728
1330.5964698791504
876.9222102165222
587.3754658699036
867.6418542861938
810.4226355552673
1009.8625090122223
884.7716488838196
2862.923761844635
971.504426240921
737.1304612159729
940.1715657711029
769.8090696334839
829.8593318462372
1118.487098455429
950.376100063324
650.879724740982
689.2124741077423
926.9384360313416
2652.2330327033997
748.7279314994812
8.3537757396698
570.8749401569366
991.7143442630768
992.7236986160278
757.3649730682373
696.6428067684174
1016.8190758228302
797.7877275943756

Average: 920.6065605732433
Maximum: 2862.923761844635
