Filtered data:
471.4252905845642
91.70614123344421
510.4603395462036
826.9278123378754
493.64861011505127
500.36092948913574
468.6543731689453
478.79478573799133
465.41437005996704
458.97274446487427
269.4730670452118
483.36192631721497
475.98528265953064
483.5019094944
467.83822298049927
477.93775510787964
460.1354205608368
468.546324968338
491.42468643188477
489.760062456131
481.17674469947815
476.5508003234863
927.8949820995331
494.67627716064453
2.402449131011963
468.517422914505
182.61228704452515
500.569354057312
513.4447445869446
1084.2480444908142
639.7523272037506
547.9477756023407
467.3329119682312
501.16051197052
483.9342656135559
496.0591917037964
509.86368918418884
491.8999454975128
2010.6221363544464
482.26098823547363
477.76722049713135
504.7308654785156
488.35757637023926
2137.292780160904
95.83874130249023
461.1337082386017
485.48540687561035
473.3010718822479
502.537903547287
90.44277596473694
472.5971176624298
921.6587941646576
510.5662360191345
2199.9561071395874
505.1008596420288
473.80298471450806
502.6236174106598
485.64694356918335
452.6235444545746
504.8621561527252
490.26531076431274
475.3288142681122
2138.4160323143005
1003.7976586818695
916.7498121261597
504.167756319046
1288.0173602104187
1093.9002680778503
503.2086136341095
469.62829065322876
491.92866945266724
467.07493114471436
1591.7318994998932
481.3255476951599
457.56983280181885
2.2929301261901855
497.74411845207214
453.7162547111511
510.63580989837646
271.3103201389313
474.07457971572876
1105.164571762085
513.2173757553101
1009.9485936164856
472.9960310459137
88.00311803817749

Average: 600.183695543644
Maximum: 2199.9561071395874
