Filtered data:
532.730865240097
609.7428750991821
397.2304644584656
573.2131679058075
397.88697123527527
482.95615434646606
477.7087013721466
830.5481657981873
549.0014896392822
519.3476312160492
629.929151058197
410.39968276023865
231.59778690338135
383.9561140537262
10.291719913482666
537.4350619316101
437.12244391441345
579.2697646617889
17.67500877380371
596.1864216327667
616.970299243927
368.8819315433502
441.5414185523987
595.4457585811615
534.434041261673
543.8767766952515
634.7551114559174
369.95673418045044
381.75047755241394
575.4709174633026
511.5591251850128
531.2882490158081
555.0955736637115
1571.2515108585358
461.14781069755554
1703.1617181301117
512.7551064491272
1188.4588224887848
584.1076605319977
716.9678978919983
601.623129606247
489.5144610404968
598.2377240657806
482.1968152523041
6.379359483718872
610.0897858142853
521.1663403511047
323.4154679775238
483.36149764060974
595.03085064888
385.2491328716278
172.7438678741455
508.70511198043823
855.9194395542145
408.2094769477844
400.4573724269867
466.45980286598206
400.18772745132446
448.5763177871704
581.4639103412628
334.1964681148529
578.3487772941589
414.58072447776794
490.9240097999573
864.3871824741364
621.7152185440063
451.61820363998413
364.36808371543884

Average: 530.3269535793978
Maximum: 1703.1617181301117
