Filtered data:
236.03986382484436
34.850647926330566
295.3176460266113
3.822195291519165
229.60774540901184
273.1830143928528
202.55748343467712
238.84361219406128
204.28133487701416
168.1449372768402
190.42976641654968
208.35797357559204
3.886488914489746
239.8354263305664
202.51321864128113
209.3454234600067
217.5031042098999
103.3828341960907
235.30753827095032
201.38006949424744
181.05700850486755
37.10285782814026
257.2802209854126
159.6281542778015
247.72341346740723
278.11519289016724
205.22136902809143
31.482474327087402
193.57810235023499
260.7881941795349
252.7732231616974
248.33108592033386
300.0868022441864
234.52695846557617
186.25250244140625
230.6012659072876
193.62821125984192
219.52009558677673
224.1420407295227
201.27070021629333
236.5748107433319
74.28763771057129
198.16474652290344
206.84448957443237
33.44150114059448
298.5503168106079
31.806334733963013
259.39142298698425
206.5382022857666
291.7705593109131
69.43559670448303
70.82311511039734
272.963107585907
234.81273818016052
207.14198660850525
3.9317753314971924
208.82393622398376
258.43440294265747
3.9459164142608643
196.4529571533203
256.58835887908936
185.9894323348999
204.73418068885803
199.77379441261292
199.49560546875
245.48704504966736
59.90042495727539
214.7750506401062
165.393634557724
96.61992454528809
264.1440601348877
125.35157203674316
28.48440980911255
270.3043818473816
58.898688316345215
242.53414273262024
140.54931735992432
272.2785556316376
52.04218149185181
198.45271134376526
211.80812048912048

Average: 183.94372030540748
Maximum: 300.0868022441864
