Filtered data:
614.8952033519745
1979.2540471553802
1681.397465467453
1896.9527578353882
265.7771158218384
1868.689460992813
1702.1569426059723
1510.4325885772705
1542.8536493778229
1655.3016180992126
1817.7663795948029
1500.814564704895
1429.052252292633
1814.4882247447968
1677.1680927276611
1921.4657077789307
272.48788022994995
1799.82479763031
1864.7306764125824
1914.6094825267792
1750.4525911808014
1694.70445895195
1853.065548658371
1822.733757019043
1912.1158628463745
1967.1499395370483
1830.010782957077
1773.9434611797333
1758.5410826206207
329.8607108592987
1821.5539269447327
1517.7223200798035
1815.2831013202667
1763.6204652786255
1959.0753765106201
1837.5003454685211
1068.2193658351898
1927.3030378818512
1680.2320291996002
1890.495346069336
1699.97740316391
1768.009581565857
529.1312999725342
1904.7208652496338
1586.8056876659393
1621.161029100418
1878.8305780887604
834.4084193706512
1691.580400943756
8.299749851226807
1503.1368584632874
1929.4999785423279
1962.9136559963226
1698.5422506332397
1642.779377937317
1980.9289751052856
270.95012044906616

Average: 1565.1820815864362
Maximum: 1980.9289751052856
