Filtered data:
2279.471559524536
2831.5213532447815
720.2284400463104
2487.371714115143
2689.9569935798645
2551.9483613967896
2540.0033440589905
2413.648742198944
2412.173830986023
1913.1959640979767
2514.3668825626373
2416.951348543167
2527.1465468406677
1872.0013086795807
2626.68945145607
2608.170007944107
2479.5251293182373
2236.8683621883392
634.1499676704407
2735.2694642543793
1097.122349023819
391.43889260292053
2676.8551847934723
2827.803645849228
2555.3960444927216
1555.397436618805
2384.5355563163757
2751.332599401474
2760.9911041259766
2642.643533229828
2860.9178688526154
2628.149833917618
2254.1933755874634
2692.2944478988647
349.78717732429504
2703.0131542682648
2396.013610124588
2042.8013291358948
707.2966980934143
2085.4779806137085
2767.0212869644165
2782.387398004532
1894.880972623825
2798.547377347946
2424.170138835907
2868.2443380355835
2324.2344903945923
970.8232975006104
2530.0468719005585
2409.3362691402435
2243.654325723648
2273.205693244934
2610.2859559059143
303.1002154350281
1170.2701144218445
2553.4894466400146
2444.9994468688965
2389.4944751262665
2356.102192401886
1907.4592411518097
2117.0569937229156
2474.9572174549103
2399.751195669174
2666.0715157985687
10.162427186965942
2964.0040736198425
2502.0560579299927
1108.7274436950684
2852.3220932483673
2601.5513322353363
2164.3715872764587
2593.91814494133

Average: 2199.039225353135
Maximum: 2964.0040736198425
