Filtered data:
2115.6470427513123
2559.7206869125366
6018.777261018753
2282.8219792842865
2476.150535106659
2339.647414445877
2356.350064277649
2193.4949650764465
2146.340774536133
1724.3938267230988
2248.056710958481
2184.5632531642914
2262.7554836273193
7180.13755440712
2360.8640909194946
2325.8956439495087
2263.881010055542
2006.4576201438904
2864.8069915771484
2458.4107551574707
8399.67378783226
3061.1303572654724
2348.3380415439606
2531.0255765914917
2261.632115125656
12276.871697187424
2096.9627799987793
2444.13383769989
2453.161255121231
2343.4806978702545
2595.884833097458
2403.651392221451
2033.184300661087
2450.953161716461
2831.2661085128784
2383.299536705017
2136.9666788578033
1799.539169549942
5550.981817483902
1837.142037153244
2474.795683860779
2501.1205191612244
1680.59424161911
2542.6841218471527
2149.825939655304
2551.755154132843
2033.5701248645782
6130.134625673294
2319.5250923633575
2146.5847425460815
1995.5111410617828
2051.800276994705
2326.807806968689
586.9022316932678
9168.983017921448
2293.6101565361023
2214.3470232486725
2137.8894073963165
2080.1668894290924
1721.6914949417114
1896.4493646621704
2219.4878194332123
2181.1961846351624
2424.5213103294373
9.543968200683594
2644.828613758087
2236.67049241066
8949.10784626007
2559.2250850200653
2282.937805891037
1897.9699280261993
2288.6777951717377

Average: 2851.4912326667045
Maximum: 12276.871697187424
