Filtered data:
1319.2857196331024
1435.287076473236
1217.7884130477905
1395.291217803955
1216.9347937107086
1281.6959128379822
1266.6711502075195
635.3170671463013
435.7603542804718
1319.682894706726
235.29841876029968
1205.6739268302917
219.29320454597473
1175.9535348415375
6.659802198410034
1344.1503558158875
1229.8917100429535
1392.0357222557068
6.685917615890503
1420.823766708374
1451.249902009964
1153.8905692100525
1235.651801109314
1425.8296763896942
1341.2392554283142
1362.0652740001678
1493.3305518627167
1184.3378281593323
1212.7147052288055
1395.0517165660858
1316.6052429676056
1339.0123918056488
1354.1255855560303
914.1539790630341
1267.888025045395
706.960156917572
1304.5708158016205
473.3591420650482
1428.7679891586304
442.2762875556946
1423.355005979538
1302.3337619304657
1422.8752026557922
1282.1143498420715
6.152036905288696
1455.7953078746796
1311.1351630687714
1127.1817576885223
1279.550456047058
1419.873590707779
1237.4612786769867
212.40240859985352
1310.6423568725586
445.4450743198395
1230.1552073955536
1211.264521598816
1271.9774599075317
1223.724697113037
1257.9188129901886
1397.5892298221588
212.2040934562683
1418.786343574524
404.86144757270813
1284.8673734664917
599.562079668045
1460.3478507995605
1263.1438584327698
1188.8685626983643

Average: 1091.5419286033687
Maximum: 1493.3305518627167
