Filtered data:
118.47700190544128
20.099666357040405
144.8181426525116
105.13583135604858
127.9949209690094
135.7025191783905
108.20915031433105
118.84862089157104
105.14232850074768
98.9067759513855
18.686201095581055
121.01195120811462
116.13311123847961
123.0627064704895
112.14349627494812
111.77114152908325
105.46476459503174
107.31144189834595
121.95469427108765
125.19504714012146
119.76340794563293
113.05958724021912
42.109046459198
127.0981068611145
2.384639024734497
109.121337890625
19.971575021743774
133.23399591445923
142.03556036949158
86.79595017433167
37.13573598861694
18.823092937469482
106.90659856796265
136.58296847343445
119.91703844070435
129.29636907577515
142.2120819091797
126.83446002006531
91.1677143573761
117.1100811958313
113.85150456428528
136.2323718070984
123.22923183441162
97.08867740631104
18.467730045318604
101.42522931098938
121.52794647216797
118.66021990776062
141.65287923812866
16.163878440856934
108.78622460365295
39.383450984954834
143.04999566078186
92.06426334381104
138.92496347427368
110.73944401741028
135.10535955429077
121.31058287620544
18.993613481521606
138.1571192741394
122.88107705116272
112.97260451316833
81.23671412467957
59.42937207221985
74.01144647598267
134.29564881324768
78.75466513633728
88.31636118888855
134.13957047462463
109.48611402511597
124.928884267807
107.80616331100464
105.68405055999756
120.37053894996643
105.13834285736084
2.450047254562378
134.023015499115
18.920401334762573
143.1087749004364
34.31680202484131
116.08655190467834
58.852442264556885
143.2488136291504
57.075106382369995
113.5523521900177
14.743367433547974

Average: 98.81712530934533
Maximum: 144.8181426525116
