Filtered data:
523.5511064529419
615.4179880619049
431.02897119522095
581.7350990772247
438.55095076560974
488.7971968650818
476.5509433746338
170.08730340003967
121.24953126907349
516.039314031601
82.61110401153564
433.31754779815674
67.70883536338806
403.04325771331787
6.375662565231323
546.0288527011871
446.9834110736847
588.9393835067749
6.525325059890747
606.6991541385651
634.2013847827911
383.12644362449646
449.1317057609558
605.1515204906464
536.7789912223816
548.5300283432007
653.6295766830444
401.4213480949402
421.25529289245605
587.0324459075928
510.7416841983795
533.1355340480804
561.2984447479248
256.99373722076416
474.11332964897156
238.5083429813385
512.1937057971954
160.6052782535553
597.612105846405
129.39634704589844
615.3615939617157
497.6474332809448
610.5399739742279
480.2102825641632
6.209333896636963
622.0624263286591
519.244836807251
353.80734968185425
485.3577711582184
606.370683670044
434.7032697200775
60.16938376426697
516.0086042881012
144.79275465011597
439.67105054855347
423.8088755607605
483.17033982276917
438.2753162384033
473.70967388153076
587.8751709461212
59.781198263168335
600.5389456748962
96.83935451507568
491.5115671157837
154.594083070755
640.5369055271149
454.88168382644653
383.30984902381897

Average: 418.04541026143465
Maximum: 653.6295766830444
