Filtered data:
728.2838399410248
391.8746762275696
806.4707870483398
5.969356536865234
719.419130563736
774.9591476917267
695.4521205425262
731.8164176940918
698.4543964862823
1829.6905364990234
678.144535779953
684.5375769138336
6.183474540710449
730.7642509937286
689.4583506584167
692.8684222698212
710.8322422504425
2384.862282037735
728.5734620094299
692.3143997192383
669.9506683349609
1034.1494507789612
753.5523693561554
2523.9860377311707
749.0950329303741
780.9395763874054
701.178062915802
260.77801489830017
672.410352230072
768.9600803852081
756.8118062019348
753.057698726654
806.6114494800568
733.5554277896881
3610.695473909378
732.3302507400513
676.2123503684998
707.2986226081848
726.0709118843079
694.9281704425812
733.3787114620209
1492.7834877967834
674.3742046356201
698.9896273612976
1157.3672587871552
804.1733708381653
147.20622849464417
763.7126319408417
702.4640922546387
784.8122766017914
1524.4410741329193
984.2957456111908
769.5793921947479
730.3212213516235
696.958553314209
15.767884731292725
684.0511026382446
767.7551355361938
3.999988317489624
681.1844902038574
756.5014605522156
658.4871273040771
696.0399231910706
686.0696179866791
685.0332679748535
743.705796957016
1311.8609781265259
707.9493587017059
2800.323119163513
2350.707073688507
776.9432265758514
1852.0598208904266
254.01037859916687
765.945151090622
1407.8282425403595
744.3005068302155
2447.67555809021
775.5892179012299
633.0417177677155
695.4616124629974
697.5524621009827

Average: 885.9037445827767
Maximum: 3610.695473909378
