Filtered data:
1194.5353035926819
1263.230498790741
1051.0004677772522
1241.6917006969452
1045.29265499115
1131.4253981113434
1135.3000349998474
2811.6248552799225
1719.3883457183838
1176.4164090156555
1802.7820687294006
1065.6701550483704
742.9431045055389
1025.5340688228607
10.085758924484253
1178.8088674545288
1088.511937379837
1228.552639245987
17.24540901184082
1244.93545627594
1262.0254266262054
1016.7581300735474
1093.8202702999115
1249.4783580303192
1184.870807647705
1201.3363800048828
1298.7351684570312
1025.6255178451538
1028.7897539138794
1242.8261368274689
1166.5211188793182
1191.0240614414215
1204.5066409111023
4723.436890125275
1119.517463684082
4745.109207868576
1164.4868149757385
3457.7145228385925
1246.8074390888214
2171.1972765922546
1259.433657169342
1145.4976484775543
1250.4418704509735
1139.9832096099854
5.884766578674316
1256.3047409057617
1175.6598954200745
974.9629139900208
1137.348239183426
1246.0147309303284
1039.9869165420532
556.9884729385376
1154.5600786209106
2548.1045546531677
1053.975204706192
1054.9519731998444
1122.8734414577484
1054.5808107852936
1101.3109848499298
1237.176595211029
1112.5424785614014
1226.3976023197174
1453.8588137626648
1148.513572692871
2969.817775249481
1273.2698063850403
1100.28249001503
1028.549650669098

Average: 1335.276991409414
Maximum: 4745.109207868576
