Filtered data:
5044.7714812755585
2.833540439605713
1763.091727733612
2.8047165870666504
1507.4698841571808
1741.1862118244171
2102.6240491867065
1672.9916019439697
1519.6563630104065
1338.1687400341034
2.9102697372436523
1382.5389080047607
1489.3549835681915
2.8870229721069336
1629.2855632305145
1327.5156350135803
1257.9115641117096
2.877528190612793
1596.8852541446686
1500.2486488819122
1703.917585849762
2191.0732493400574
2.9530582427978516
3.0058085918426514
1605.0247662067413
2.887470245361328
3.0464847087860107
3.001185894012451
2.9358441829681396
1672.5789108276367
2.923459053039551
1703.6966712474823
2.864125967025757
2.9996159076690674
1566.4240899085999
2.840848207473755
1511.5601861476898
1654.5687189102173
1619.8831725120544
1717.6683733463287
1743.706913948059
1620.4314057826996
3.009758234024048
1581.8619225025177
1559.6848123073578
2694.7156331539154
1629.1340160369873
2.8934524059295654
2.886563777923584
1344.804274559021
2.960099220275879
2.9276273250579834
3.003713369369507
1627.5485050678253
2.875800609588623
1553.75981259346
2.94465970993042
1741.076298713684
3.0960288047790527
1625.7163107395172
2.9403164386749268
7613.278274059296
1707.8540728092194
2.9617714881896973
1480.9680969715118
1682.7497239112854
1525.9120166301727
1578.6483590602875
2.870436906814575
2.889479160308838
3.01987361907959
2.860177516937256
2.871952772140503
2775.8322570323944
1688.6061947345734
2.96925950050354
1403.6957240104675
1438.1945371627808
1662.7531592845917
6802.205595254898
1498.8739213943481
2.899799346923828
2.8669679164886475
8.596597671508789
3.0282740592956543
2.95684814453125
1338.221468925476
2.8392386436462402
2.762920618057251
1765.1968204975128
2.903561592102051
2.973623752593994
1718.1926028728485
1494.252994775772
3.0739097595214844
1424.5373811721802
1740.9155313968658
2157.940435886383
2.9139199256896973
2.8834240436553955

Average: 1071.7581644892693
Maximum: 7613.278274059296
